cluster,count
0,99
1,115
2,99
3,74
4,117
5,113
6,274
7,135
8,18
9,469
10,66
11,302
12,3131
13,51
14,112
15,122
16,161
17,94
18,106
19,119
20,6
21,97
22,123
23,181
24,28
25,185
26,113
27,2
28,10
29,114
30,79
31,43
32,161
33,197
34,3
35,155
36,123
37,99
38,4
39,4
40,159
41,168
42,184
43,23
44,208
45,150
46,113
47,157
48,169
49,174
50,8
51,111
52,21
53,163
54,115
55,76
56,109
57,99
58,39
59,127
60,136
61,7
62,136
63,144
64,127
65,23
66,134
67,185
68,130
69,150
70,89
71,83
72,164
73,22
74,58
75,29
76,6
77,89
78,135
79,134
80,117
81,121
82,57
83,147
84,182
85,175
86,118
87,92
88,32
89,109
90,121
91,89
92,142
93,46
94,16
95,135
96,160
97,129
98,122
99,136
100,141
101,102
102,126
103,144
104,170
105,128
106,125
107,156
108,406
109,100
110,11
111,99
112,114
113,116
114,117
115,223
116,527
117,69
118,107
119,131
120,81
121,179
122,126
123,98
124,171
125,124
126,113
127,181
128,114
129,90
130,146
131,56
132,137
133,139
134,2
135,201
136,126
137,90
138,168
139,330
140,149
141,7
142,180
143,122
144,142
145,136
146,1
147,112
148,132
149,10
150,30
151,11
152,114
153,120
154,93
155,131
156,97
157,213
158,8
159,5
160,94
161,115
162,124
163,104
164,124
165,236
166,25
167,142
168,110
169,7
170,104
171,104
172,151
173,202
174,92
175,126
176,286
177,8
178,118
179,30
180,126
181,103
182,132
183,175
184,106
185,131
186,7
187,30
188,175
189,340
190,129
191,122
192,90
193,147
194,65
195,112
196,129
197,14
198,233
199,103
200,161
201,133
202,113
203,111
204,153
205,131
206,14
207,105
208,290
209,107
210,116
211,366
212,94
213,115
214,111
215,151
216,92
217,132
218,63
219,175
220,170
221,86
222,66
223,87
224,150
225,153
226,165
227,166
228,302
229,134
230,145
231,9
232,154
233,135
234,93
235,106
236,99
237,8
238,169
239,128
240,91
241,118
242,118
243,93
244,99
245,322
246,125
247,134
248,6
249,111
250,107
251,158
252,123
253,150
254,110
255,14
256,81
257,64
258,71
259,196
260,75
261,135
262,113
263,70
264,40
265,152
266,13
267,122
268,126
269,151
270,2
271,145
272,109
273,95
274,88
275,243
276,155
277,106
278,164
279,112
280,153
281,98
282,156
283,15
284,78
285,99
286,110
287,123
288,24
289,222
290,175
291,137
292,129
293,170
294,9
295,71
296,68
297,113
298,180
299,158
300,107
301,109
302,150
303,123
304,102
305,120
306,178
307,127
308,143
309,132
310,132
311,105
312,76
313,89
314,110
315,91
316,16
317,150
318,135
319,106
320,1
321,35
322,15
323,9
324,143
325,69
326,55
327,128
328,142
329,74
330,107
331,114
332,53
333,114
334,85
335,91
336,82
337,117
338,86
339,163
340,109
341,34
342,21
343,117
344,103
345,7
346,117
347,117
348,120
349,87
350,92
351,89
352,130
353,108
354,6
355,125
356,121
357,64
358,23
359,115
360,128
361,4
362,53
363,101
364,106
365,10
366,25
367,92
368,69
369,22
370,147
371,177
372,96
373,28
374,100
375,74
376,99
377,8
378,85
379,143
380,117
381,54
382,89
383,136
384,124
385,32
386,113
387,9
388,29
389,109
390,63
391,206
392,8
393,103
394,21
395,78
396,119
397,102
398,55
399,178
400,122
401,21
402,158
403,76
404,95
405,25
406,147
407,126
408,100
409,153
410,11
411,132
412,7
413,115
414,127
415,20
416,99
417,102
418,182
419,133
420,146
421,78
422,122
423,134
424,43